Date,Code,PctShort_pp_num,Delta_pp_num,DeltaShares_num,DaysToCover,ADV
2026-06-29,ATBHQ,100.0,0.0,0.0,0.0,0.0
2026-06-29,LOT,22.82285145,0.014127890000001031,38599.984133288264,0.0,0.0
2026-06-29,DMP,13.94239362,-0.11872159999999887,-112484.99526505545,0.0,0.0
2026-06-29,BOE,13.63066812,-0.4811902100000012,-1997782.9941761792,0.0,0.0
2026-06-29,TLX,12.23358595,0.00670224000000097,22745.983762823045,0.0,0.0
2026-06-29,DRO,11.73787182,-0.2864048299999986,-2644836.980279058,0.0,0.0
2026-06-29,PDN,11.54715002,0.020165190000000166,90613.97937564552,0.0,0.0
2026-06-29,CAR,11.53114766,-0.03243505000000013,-122882.991583772,0.0,0.0
2026-06-29,FLT,11.41693507,0.04397780999999945,90663.0070065707,0.0,0.0
2026-06-29,TWE,11.06927391,-0.1251662600000003,-1010639.0201884806,0.0,0.0
2026-06-29,4DX,10.95603593,-0.45230842999999865,-2452080.9945926666,0.0,0.0
2026-06-29,GYG,10.579637,0.025972749999999323,25847.003710057586,0.0,0.0
2026-06-29,HLS,10.27231482,-0.3856239800000001,-2800230.9779418707,0.0,0.0
2026-06-29,EDV,9.91712563,-0.3243106200000003,-5823729.063605487,0.0,0.0
2026-06-29,BAP,9.85256094,0.061218450000000146,411849.00667889416,0.0,0.0
2026-06-29,LYC,9.81843168,-0.00818388999999975,-82371.0638306737,0.0,0.0
2026-06-29,ZIP,9.62968045,-0.5379386099999994,-6746580.015017316,0.0,0.0
2026-06-29,CUV,9.3244537,-0.046137160000000677,-23265.999984897673,0.0,0.0
2026-06-29,ELD,9.20320037,-0.01972660000000026,42367.996215075254,0.0,0.0
2026-06-29,BPT,8.99330996,-0.03993301000000038,-911005.196983844,0.0,0.0
2026-06-29,COH,8.96389309,0.35302266999999965,230873.00294448435,0.0,0.0
2026-06-29,IPX,8.95042186,0.08653145999999978,293673.99077842385,0.0,0.0
2026-06-29,IPH,8.79657271,-0.22698850000000093,-581755.99494683,0.0,0.0
2026-06-29,PLS,8.71255084,0.044279859999999616,1480123.9563654065,0.0,0.0
2026-06-29,DYL,8.62970038,0.009365839999999181,91367.02055133879,0.0,0.0
2026-06-29,SLX,8.60313534,0.012899089999999447,35916.00575055182,0.0,0.0
2026-06-29,PNV,8.58619104,0.00811327999999989,56050.026220202446,0.0,0.0
2026-06-29,RIO,8.55614118,0.060656299999999774,225532.99102747813,0.0,0.0
2026-06-29,MSB,8.47877257,-0.019908120000000196,-257733.06498141587,0.0,0.0
2026-06-29,WTC,8.1985257,-0.004699070000000916,-15793.997327275574,0.0,0.0
2026-06-29,ILU,8.17746915,-0.029909670000000332,-128969.00125740469,0.0,0.0
2026-06-29,BRG,8.08740774,-0.05640280000000075,-81693.00388371013,0.0,0.0
2026-06-29,ACL,8.05298292,-0.05064149000000029,-94455.99313687533,0.0,0.0
2026-06-29,NXT,8.01640833,0.02533564000000066,192437.99296373874,0.0,0.0
2026-06-29,LIC,7.6502956,0.005267779999999611,6412.998216601089,0.0,0.0
2026-06-29,CTD,7.39130078,-0.08204844000000033,-120057.991911361,0.0,0.0
2026-06-29,PWH,7.23577781,0.027440460000000222,27598.00171776302,0.0,0.0
2026-06-29,A2M,7.1429727,0.09302792999999987,674848.9719559848,0.0,0.0
2026-06-29,NAN,7.0679339,-0.06536162999999995,-195373.01949364692,0.0,0.0
2026-06-29,CU6,6.868829,-0.5042287000000005,-1880627.9844030142,0.0,0.0
2026-06-29,BMN,6.81566191,-0.007433599999999707,-15442.002153633162,0.0,0.0
2026-06-29,TPW,6.45566713,-0.04886794999999999,-56953.99823171366,0.0,0.0
2026-06-29,CYL,6.45265764,0.0491030600000002,128131.98384524323,0.0,0.0
2026-06-29,HMC,6.4438709,-0.054637510000000056,-225442.96128670126,0.0,0.0
2026-06-29,ING,6.35425752,-0.3488160200000001,-1296477.9913600795,0.0,0.0
2026-06-29,GDG,6.28581099,-0.5350733500000002,-2139852.034045782,0.0,0.0
2026-06-29,VUL,6.24861801,0.0941980400000002,450889.03250355273,0.0,0.0
2026-06-29,JIN,6.22266905,0.16024436000000009,101481.99843706423,0.0,0.0
2026-06-29,LLC,6.19329106,0.10942880999999982,756034.0021403953,0.0,0.0
2026-06-29,SHL,6.02074503,-0.020793430000000335,-102769.02279048786,0.0,0.0
2026-06-29,RHC,5.95970986,-0.008634929999999486,-19931.992598982528,0.0,0.0
2026-06-29,GMD,5.84090722,0.007842100000000407,91780.05279628932,0.0,0.0
2026-06-29,A4N,5.63004024,0.009893549999999252,143644.09539176524,0.0,0.0
2026-06-29,NEU,5.62852348,-0.3065005999999997,-388562.99708385486,0.0,0.0
2026-06-29,CAT,5.62315536,-0.05018647999999981,-158576.99667020515,0.0,0.0
2026-06-29,AUB,5.50451052,-0.03646341999999958,-47636.00040388107,0.0,0.0
2026-06-29,DGT,5.4916033,0.022724780000000777,126876.05020836741,0.0,0.0
2026-06-29,ASX,5.4232594,-0.2611552100000001,-510323.00151663274,0.0,0.0
2026-06-29,FFM,5.31611399,0.06810841999999973,523607.9964190349,0.0,0.0
2026-06-29,TYR,5.25037656,-0.06349037999999929,-337267.0139533989,0.0,0.0
2026-06-29,GEM,5.17195453,-0.3160608300000005,-2438595.0049906746,0.0,0.0
2026-06-29,PME,5.16011956,0.07864652000000039,82161.99034478888,0.0,0.0
2026-06-29,PXA,5.03779546,-0.047255770000000474,-83140.00696385838,0.0,0.0
2026-06-29,WEB,5.0166169,0.06910483999999961,250096.0286551006,0.0,0.0
2026-06-29,AGL,4.00483104,2.55483474,17187580.021072745,0.0,0.0
2026-06-29,MP1,4.99895822,-0.10598612000000074,-227334.00707462057,0.0,0.0
2026-06-29,TLC,4.83481185,0.020264970000000382,451051.9678814411,0.0,0.0
2026-06-29,SDR,4.77252251,-0.23783962999999986,-673288.0002587922,0.0,0.0
2026-06-29,NHC,4.73390846,0.07794477000000022,657676.9662622809,0.0,0.0
2026-06-29,EOS,4.71231662,0.18144304000000044,393190.9904785268,0.0,0.0
2026-06-29,ARB,4.6283976,0.013340889999999384,11160.998846484814,0.0,0.0
2026-06-29,BC8,4.53084208,0.04728658000000063,344660.0476804897,0.0,0.0
2026-06-29,SNL,4.46886896,-0.09399403000000017,-41126.002195453504,0.0,0.0
2026-06-29,ORA,4.36251676,-0.051946039999999805,-636517.0605056584,0.0,0.0
2026-06-29,MMS,4.34961584,-0.042633119999999636,-29690.99399354821,0.0,0.0
2026-06-29,CIA,4.24852081,0.13122186999999919,734904.0439258367,0.0,0.0
2026-06-29,SBM,4.22209214,0.1403811199999998,1698324.979385443,0.0,0.0
2026-06-29,MFG,4.21724351,0.016809550000000506,31226.996311504394,0.0,0.0
2026-06-29,PNI,4.2027469,0.039276720000000154,94651.00722690485,0.0,0.0
2026-06-29,EVT,4.14439738,0.008431449999999785,13702.996749717742,0.0,0.0
2026-06-29,NCK,4.12003063,-0.028689120000000123,-24538.004872948863,0.0,0.0
2026-06-29,DTL,4.04382919,-0.056665090000000085,-87874.99817270692,0.0,0.0
2026-06-29,UNI,3.99230795,-0.0048748200000003905,-3740.001390042249,0.0,0.0
2026-06-29,MIN,3.983327,-0.05232217000000006,-103878.9990279898,0.0,0.0
2026-06-29,XRO,3.97706932,0.021034290000000233,35884.99451821484,0.0,0.0
2026-06-29,DVP,3.97078235,0.08402187999999988,277259.99982192926,0.0,0.0
2026-06-29,RFF,3.88070554,-0.010736849999999798,-41843.973818132654,0.0,0.0
2026-06-29,SX2,3.83142254,0.03602894000000001,45429.993652142584,0.0,0.0
2026-06-29,SIG,3.79479368,0.018328780000000044,2115819.896664083,0.0,0.0
2026-06-29,KAR,3.77926198,0.3710593999999996,2636499.0450413115,0.0,0.0
2026-06-29,ALX,3.73377389,-0.04093152999999994,-594021.9910856932,0.0,0.0
2026-06-29,ELV,3.62760801,-0.05635049000000025,-109328.983020043,0.0,0.0
2026-06-29,EVN,3.62598473,-0.03825413000000033,-776976.016354382,0.0,0.0
2026-06-29,SOL,3.62073187,0.023642890000000083,89823.99250361137,0.0,0.0
2026-06-29,SGP,3.61173447,0.02749846999999983,668664.9293949157,0.0,0.0
2026-06-29,MI6,3.57088452,0.1017531599999999,2307914.0339817703,0.0,0.0
2026-06-29,PPT,3.49814961,-0.12799887999999982,-146633.00774232484,0.0,0.0
2026-06-29,REA,3.48552618,0.0032783199999997237,4290.003388757817,0.0,0.0
2026-06-29,EML,3.44623862,-0.026719630000000105,-103848.99464414455,0.0,0.0
2026-06-29,ANN,3.36470485,-0.04703278000000033,-66213.00636428967,0.0,0.0
2026-06-29,CHN,3.35967215,-0.7754005400000001,-3020183.0174725484,0.0,0.0
2026-06-29,QOR,3.35723503,-0.01583375000000009,-217592.04825585335,0.0,0.0
2026-06-29,IEL,3.35386401,-0.12516444999999976,-348377.98764898814,0.0,0.0
2026-06-29,MPL,3.2884246,0.03172726999999975,873770.0437635332,0.0,0.0
2026-06-29,SUL,3.27488315,-0.026586780000000143,-60039.99473670032,0.0,0.0
2026-06-29,FBU,3.24242401,-0.006859119999999663,-73774.0722726509,0.0,0.0
2026-06-29,JBH,3.2288077,0.26159295999999976,286009.99718373735,0.0,0.0
2026-06-29,ARU,3.20681411,-0.011336510000000022,-607089.9122087657,0.0,0.0
2026-06-29,LTR,3.20387312,0.1537407799999997,4887589.965445757,0.0,0.0
2026-06-29,OBM,3.17262841,0.017029450000000335,328232.95660882443,0.0,0.0
2026-06-29,BOQ,3.12408182,-0.02975814000000021,-196841.0064761415,0.0,0.0
2026-06-29,BEN,3.09719718,0.02864983000000043,166109.97271683812,0.0,0.0
2026-06-29,MYR,3.00714744,-0.18569378000000025,-3213888.039129421,0.0,0.0
2026-06-29,PDI,2.98872359,0.022821840000000204,1117042.8893089294,0.0,0.0
2026-06-29,INA,2.95314039,0.23626853000000025,962990.9863788206,0.0,0.0
2026-06-29,RRL,2.87604421,0.033254449999999824,251820.05389035493,0.0,0.0
2026-06-29,MAQ,2.86705472,0.011635880000000043,2999.000527041615,0.0,0.0
2026-06-29,LOV,2.81043194,0.008810850000000148,9757.00259859953,0.0,0.0
2026-06-29,GNC,2.77438145,-0.00825059000000028,-18343.012504513375,0.0,0.0
2026-06-29,NEC,2.71785001,-0.06293466000000025,-997994.0005188361,0.0,0.0
2026-06-29,SFR,2.70185689,-0.031135369999999885,-145387.0392603986,0.0,0.0
2026-06-29,JDO,2.68313766,-0.9185391300000001,-10299435.97258572,0.0,0.0
2026-06-29,MTS,2.67077407,-0.055201920000000015,-607069.9534062184,0.0,0.0
2026-06-29,JHX,2.65956528,-0.061775580000000385,-209118.991205493,0.0,0.0
2026-06-29,RWC,2.64685856,0.008747410000000233,65434.02070760727,0.0,0.0
2026-06-29,VCX,2.645371,-7.245000000022372e-05,-3361.9236254692078,0.0,0.0
2026-06-29,MYX,2.6274014,-0.017262429999999718,-14025.004013795871,0.0,0.0
2026-06-29,WDS,2.62350751,0.0011126200000002306,21152.02041105181,0.0,0.0
2026-06-29,HSN,2.60889613,0.08751931000000024,178831.00849130657,0.0,0.0
2026-06-29,AIS,2.59713989,-0.015642070000000174,-187261.9788985923,0.0,0.0
2026-06-29,REH,2.54170142,-0.0039546900000000385,-24324.980114284903,0.0,0.0
2026-06-29,IMM,2.50584211,-0.02379132999999989,-350617.89919076115,0.0,0.0
2026-06-29,AOV,2.46723118,0.0183384400000004,24545.994971393142,0.0,0.0
2026-06-29,PMT,2.44190331,0.0066767299999996865,44666.97050097957,0.0,0.0
2026-06-29,EMR,2.42950392,0.04025587000000019,266001.0647520423,0.0,0.0
2026-06-29,SYR,2.41298271,0.0005081100000001726,11797.94580500573,0.0,0.0
2026-06-29,AZJ,2.39662303,-0.04644504999999999,-781812.9092429951,0.0,0.0
2026-06-29,CIP,2.38682811,0.007632270000000219,47654.98342651315,0.0,0.0
2026-06-29,GTK,2.37576859,-0.012325380000000052,-13860.996012855321,0.0,0.0
2026-06-29,PFP,2.36304202,-0.02105619999999986,-29051.99589982815,0.0,0.0
2026-06-29,SMI,2.32762132,0.09360721999999999,922743.0588806458,0.0,0.0
2026-06-29,ALD,2.31431071,0.38103105000000004,908004.9899917394,0.0,0.0
2026-06-29,MAF,2.30827414,0.05662080000000014,111696.9953339519,0.0,0.0
2026-06-29,SHV,2.26424753,0.022494819999999915,29517.001738018356,0.0,0.0
2026-06-29,HLI,2.23087139,-0.013085890000000155,-35881.00382519886,0.0,0.0
2026-06-29,FMG,2.19260546,0.057338749999999994,1765439.9969197288,0.0,0.0
2026-06-29,WOW,2.18443948,-0.011398740000000185,-139246.915738184,0.0,0.0
2026-06-29,NHF,2.18323885,-0.024560409999999866,-120078.98601204343,0.0,0.0
2026-06-29,SS1,2.1660928,-0.043164599999999886,-79428.01008361159,0.0,0.0
2026-06-29,TNE,2.1633221,-0.034704310000000405,-113610.99331111833,0.0,0.0
2026-06-29,TUA,2.14705401,-0.008200279999999616,-44970.021531276405,0.0,0.0
2026-06-29,CNI,2.11182713,0.052512450000000044,447087.9856104925,0.0,0.0
2026-06-29,WA1,2.10875694,0.02281368000000006,16947.000515047228,0.0,0.0
2026-06-29,QAN,2.1054256,0.26625560999999975,4028977.970817048,0.0,0.0
2026-06-29,APE,2.05608218,-0.030718279999999876,-86737.00719278492,0.0,0.0
2026-06-29,QRI,2.03464838,0.05856723000000019,369632.01041046344,0.0,0.0
2026-06-29,PMV,2.03422299,-0.054517640000000256,-86958.9946318008,0.0,0.0
2026-06-29,KCN,1.98182276,-0.0684323400000002,-182062.98209926672,0.0,0.0
2026-06-29,CBO,1.96032115,0.018697709999999867,89522.98839872517,0.0,0.0
2026-06-29,NWS,1.95836698,-0.05849384000000013,-22815.999016796006,0.0,0.0
2026-06-29,CBA,1.90372564,0.007276410000000011,121767.9823637493,0.0,0.0
2026-06-29,GMG,1.90000784,-0.01121941999999998,-229413.9188395962,0.0,0.0
2026-06-29,WOR,1.8892762,0.01890831000000004,92654.99851780385,0.0,0.0
2026-06-29,BVS,1.88234162,0.040431410000000056,181254.00092214812,0.0,0.0
2026-06-29,AX1,1.85448182,-0.05967739999999999,-358771.9794156756,0.0,0.0
2026-06-29,NAB,1.82379581,0.01566223999999994,480455.9635487944,0.0,0.0
2026-06-29,IMD,1.82332913,-0.05378125999999983,-275274.98054074496,0.0,0.0
2026-06-29,NEM,1.82136226,0.011489780000000005,9053.003788653295,0.0,0.0
2026-06-29,PNR,1.78723716,0.02772553000000011,108279.99851714261,0.0,0.0
2026-06-29,BTR,1.77897542,-0.08055493999999985,-884442.9725007899,0.0,0.0
2026-06-29,KLS,1.77645062,0.032485480000000067,88248.98034832254,0.0,0.0
2026-06-29,APA,1.77148389,-0.036352289999999954,-481213.95253285766,0.0,0.0
2026-06-29,CWY,1.74950795,0.0004080399999999429,9145.032325103879,0.0,0.0
2026-06-29,SUN,1.72148019,-0.01511124999999991,-160187.01808917522,0.0,0.0
2026-06-29,ASM,1.71504034,-0.02441388,-66340.00531218946,0.0,0.0
2026-06-29,NXG,1.70967484,0.0425075399999999,56959.996906074695,0.0,0.0
2026-06-29,MEK,1.7075624,0.04158368999999995,1225009.0135078877,0.0,0.0
2026-06-29,PEN,1.70535664,0.0025376299999999574,14499.988307364285,0.0,0.0
2026-06-29,MVF,1.68964254,-0.06278032000000011,-244613.99938348867,0.0,0.0
2026-06-29,TCG,1.68485683,-0.00028479000000003474,-3004.0328993722796,0.0,0.0
2026-06-29,ORG,1.65756486,0.012116400000000027,208734.99880904332,0.0,0.0
2026-06-29,RSG,1.65730393,-0.023251179999999927,-496974.8165503293,0.0,0.0
2026-06-29,HUB,1.63335613,0.012496669999999988,10218.99905822589,0.0,0.0
2026-06-29,REG,1.63262086,-0.014350369999999835,-43389.99470506795,0.0,0.0
2026-06-29,SHA,1.63093912,0.0012097400000001812,1010.002973924391,0.0,0.0
2026-06-29,SGH,1.61841073,0.019682889999999897,80109.00151262712,0.0,0.0
2026-06-29,DTR,1.60011517,-0.027203619999999873,-1042011.8742673397,0.0,0.0
2026-06-29,IDX,1.59646187,-0.0011402799999999935,-4254.00310810376,0.0,0.0
2026-06-29,WBC,1.5958932,0.03807386999999984,1302241.8339513987,0.0,0.0
2026-06-29,DXI,1.59270458,0.022109849999999875,69580.99845137633,0.0,0.0
2026-06-29,OBL,1.57954356,-0.0018018799999999224,-5219.00519769825,0.0,0.0
2026-06-29,AMP,1.57701151,-0.024256119999999992,-590100.9805864096,0.0,0.0
2026-06-29,360,1.56880307,0.20321611000000006,367576.00528137945,0.0,0.0
2026-06-29,SVL,1.55173482,-0.01670591999999993,-370766.8758467436,0.0,0.0
2026-06-29,SGR,1.53256039,-0.01946567999999993,-1291781.9965272695,0.0,0.0
2026-06-29,BGL,1.52821978,-0.03657203000000009,-545163.0198116489,0.0,0.0
2026-06-29,WGX,1.52470626,0.0009931900000001992,9383.972610494122,0.0,0.0
2026-06-29,CCP,1.52358587,0.040736419999999995,27728.000340955216,0.0,0.0
2026-06-29,SDF,1.5224334,0.030726400000000043,341674.9955857899,0.0,0.0
2026-06-29,SEK,1.49030678,0.010880240000000097,38948.01580045652,0.0,0.0
2026-06-29,BRN,1.48161181,-0.009187339999999988,-209087.79378477484,0.0,0.0
2026-06-29,HVN,1.47388731,0.004277100000000145,53292.95059823617,0.0,0.0
2026-06-29,VNT,1.46272176,0.005948709999999968,48650.00002113916,0.0,0.0
2026-06-29,KGN,1.45440583,-0.03713326000000006,-35376.00310835242,0.0,0.0
2026-06-29,TAH,1.45260998,0.049279770000000056,1129809.8034622706,0.0,0.0
2026-06-29,BWP,1.45151106,-0.09332762999999988,-732749.9867388979,0.0,0.0
2026-06-29,DNL,1.43203326,0.029739710000000086,521657.1016019359,0.0,0.0
2026-06-29,WHC,1.42981152,-0.03167256000000007,-260450.9891307857,0.0,0.0
2026-06-29,DRR,1.39427241,0.014731139999999865,77994.97913796827,0.0,0.0
2026-06-29,TCL,1.36817121,-0.1420769799999999,-4433062.869445376,0.0,0.0
2026-06-29,CNU,1.36204334,0.01060436000000009,46010.97065001819,0.0,0.0
2026-06-29,L1G,1.36070986,-0.01550082999999991,-397836.78239730746,0.0,0.0
2026-06-29,MGH,1.35642062,0.013784779999999941,49808.99661200214,0.0,0.0
2026-06-29,BGA,1.33573064,-0.04844048000000001,-148020.9853227781,0.0,0.0
2026-06-29,ASB,1.31031586,0.03843262999999997,162204.99985111225,0.0,0.0
2026-06-29,CSL,1.29711894,-0.09127397999999998,-437122.0239300635,0.0,0.0
2026-06-29,WES,1.29621831,-0.03699120000000011,-419692.0813865047,0.0,0.0
2026-06-29,BHP,1.28876077,0.017784380000000155,903694.0102835372,0.0,0.0
2026-06-29,IAG,1.28780571,-0.000960889999999992,-22465.155591979623,0.0,0.0
2026-06-29,ALL,1.28309433,0.023572399999999938,141856.96355688013,0.0,0.0
2026-06-29,NXL,1.25894425,-0.0004699599999999915,-1591.9993409626186,0.0,0.0
2026-06-29,ASK,1.23069428,0.00821884000000006,108004.01988204196,0.0,0.0
2026-06-29,RMS,1.2106033,0.01764458999999996,334624.90330817923,0.0,0.0
2026-06-29,AD8,1.17109556,-0.016555480000000067,-13960.997553978348,0.0,0.0
2026-06-29,ONE,1.16979685,0.0,0.0,0.0,0.0
2026-06-29,IMU,1.13984117,-0.22628395999999995,-940967.9955795836,0.0,0.0
2026-06-29,AMC,1.13337283,0.04892916000000014,70488.00012170314,0.0,0.0
2026-06-29,RIC,1.13141289,0.024867879999999953,93218.01261863112,0.0,0.0
2026-06-29,TLS,1.12901855,0.006758119999999979,752796.1945357472,0.0,0.0
2026-06-29,CPU,1.1281191,-0.007755700000000143,-44857.96598798968,0.0,0.0
2026-06-29,S32,1.11844709,0.021248310000000048,953302.397716023,0.0,0.0
2026-06-29,CMM,1.11437151,0.05694985000000008,260139.96065381728,0.0,0.0
2026-06-29,NUF,1.08532901,0.01443613999999993,55456.99871721724,0.0,0.0
2026-06-29,IGO,1.05862944,-0.03399496999999996,-257432.96584900655,0.0,0.0
2026-06-29,BHM,1.0563284,-0.008032449999999969,-13090.009288178524,0.0,0.0
2026-06-29,WJL,1.05580089,0.019471620000000023,76432.01949968375,0.0,0.0
2026-06-29,ABG,1.0435935,0.0005043300000000528,4506.983540508896,0.0,0.0
2026-06-29,COL,1.0338842,-0.015035470000000162,-201947.9321356211,0.0,0.0
2026-06-29,MLX,1.02172252,0.023717959999999927,210233.99042622373,0.0,0.0
2026-06-29,CTT,1.0081922,-0.09885262999999989,-376864.00703518605,0.0,0.0
2026-06-29,SLC,1.00513568,-0.011589940000000132,-59655.03137036506,0.0,0.0
2026-06-29,YAL,0.99851675,0.03567175999999994,471023.98691198975,0.0,0.0
2026-06-29,VSL,0.9966699,0.011019589999999968,16147.000819164095,0.0,0.0
2026-06-29,VEA,0.99537641,-0.01186664000000004,-194912.04639974982,0.0,0.0
2026-06-29,FWD,0.99151654,0.002092549999999971,1884.9920371244662,0.0,0.0
2026-06-29,GQG,0.96883387,-0.005899300000000052,-174502.11648040637,0.0,0.0
2026-06-29,AYA,0.96848797,0.01279733999999999,20855.00788784097,0.0,0.0
2026-06-29,SGLLV,0.96455794,0.029126559999999913,19906.996563555207,0.0,0.0
2026-06-29,HUM,0.96318593,-0.023002120000000015,-116141.02860642411,0.0,0.0
2026-06-29,ABB,0.94725263,0.0073871699999999985,23300.984001240227,0.0,0.0
2026-06-29,AIA,0.93106479,-0.025158520000000073,-427686.9912965186,0.0,0.0
2026-06-29,ELS,0.9266104,0.02915594999999993,64667.99535555113,0.0,0.0
2026-06-29,SGM,0.92390745,0.02377078999999993,45933.00850132899,0.0,0.0
2026-06-29,USL,0.92119322,0.017267250000000067,109554.01036329754,0.0,0.0
2026-06-29,IFT,0.90848713,0.0012296600000000213,37645.97476423159,0.0,0.0
2026-06-29,QUB,0.90750746,0.0042106100000000035,74545.14521847293,0.0,0.0
2026-06-29,DXS,0.89258564,-0.003370070000000003,-36147.03259977512,0.0,0.0
2026-06-29,CLW,0.89246839,-0.08242959000000005,-592831.053489822,0.0,0.0
2026-06-29,VGN,0.89197423,-0.013188580000000005,-103429.04426330049,0.0,0.0
2026-06-29,OCL,0.87252077,0.004285729999999988,4114.00148461666,0.0,0.0
2026-06-29,ALK,0.86729507,-0.02737305000000001,-373971.92875473946,0.0,0.0
2026-06-29,NST,0.85285097,-0.05046278000000004,-720235.0294207539,0.0,0.0
2026-06-29,DDR,0.84733145,0.03655894000000004,66311.00276767788,0.0,0.0
2026-06-29,ANZ,0.83391168,0.0008629199999999893,26010.124509319663,0.0,0.0
2026-06-29,ADH,0.80610979,-0.07304272999999994,-130464.999740117,0.0,0.0
2026-06-29,POL,0.80409977,0.005189030000000039,15956.004010508768,0.0,0.0
2026-06-29,OML,0.80271442,-0.003272179999999958,-17284.03963381145,0.0,0.0
2026-06-29,CSC,0.79496712,0.04588488000000002,93877.99770885147,0.0,0.0
2026-06-29,MPW,0.79482221,0.0015294299999999428,1855.0035876749316,0.0,0.0
2026-06-29,EBO,0.7933889,-0.0009398400000000251,-1944.992573673837,0.0,0.0
2026-06-29,TPG,0.77209317,-0.015622589999999992,-306676.0347414594,0.0,0.0
2026-06-29,BXB,0.73810966,-0.004289740000000042,-57298.0409647841,0.0,0.0
2026-06-29,A1N,0.7293149,0.002295159999999963,7185.006940946914,0.0,0.0
2026-06-29,STX,0.72527221,-0.03047635000000004,-1096964.8269999735,0.0,0.0
2026-06-29,TEA,0.72157331,0.12642611999999998,330575.0070752122,0.0,0.0
2026-06-29,COF,0.70743491,0.02797181000000004,167085.95139915124,0.0,0.0
2026-06-29,AUE,0.70182054,-0.0021479399999999593,-8767.014355330262,0.0,0.0
2026-06-29,MGR,0.69635401,0.00704441999999994,277962.96629838645,0.0,0.0
2026-06-29,FCL,0.68172135,7.100999999998248e-05,245.014015306253,0.0,0.0
2026-06-29,XCLWBT,0.6696,0.0,0.0,0.0,0.0
2026-06-29,GPT,0.6675644,-0.11923982000000011,-2284131.0794926286,0.0,0.0
2026-06-29,GGP,0.66731745,-0.03600144000000005,-242889.9651699979,0.0,0.0
2026-06-29,INR,0.66301005,0.003176150000000044,97654.98642525822,0.0,0.0
2026-06-29,BLX,0.65909473,0.0003331300000000148,764.0074909699615,0.0,0.0
2026-06-29,XYZ,0.64906976,-0.026305279999999986,-9612.999418777617,0.0,0.0
2026-06-29,ALQ,0.6248217,0.012554810000000027,63721.00319829956,0.0,0.0
2026-06-29,CKF,0.60823579,-0.06610266999999992,-78091.00263727759,0.0,0.0
2026-06-29,AGE,0.60451949,0.0007437700000000325,33001.328860268,0.0,0.0
2026-06-29,BBN,0.587471,0.00974883999999998,13200.00013657834,0.0,0.0
2026-06-29,DOW,0.58437304,0.0007707100000000633,5080.0177477165125,0.0,0.0
2026-06-29,CVW,0.57991719,0.0,0.0,0.0,0.0
2026-06-29,WAF,0.57809334,-0.014591420000000022,-166862.01653009374,0.0,0.0
2026-06-29,NVX,0.57315866,0.04483734000000006,444589.9893809287,0.0,0.0
2026-06-29,ASL,0.57269188,0.03428081000000005,72903.9917996102,0.0,0.0
2026-06-29,PRU,0.57207099,0.009494369999999974,126377.96657931898,0.0,0.0
2026-06-29,LNW,0.57120227,0.006254419999999983,5131.998346869019,0.0,0.0
2026-06-29,MRT,0.56763167,6.857000000004554e-05,254.97798316273838,0.0,0.0
2026-06-29,HDN,0.55531379,-0.010673529999999931,-223152.02090361528,0.0,0.0
2026-06-29,STO,0.55410745,0.018118009999999907,588431.8298512734,0.0,0.0
2026-06-29,BOT,0.55009665,-0.07995742000000006,-2186285.9696097616,0.0,0.0
2026-06-29,APZ,0.54616196,0.001699419999999896,3868.991901488276,0.0,0.0
2026-06-29,CEH,0.54299434,0.011338990000000049,44058.99203667301,0.0,0.0
2026-06-29,GLF,0.53942131,-3.365999999993541e-05,-128.005096308887,0.0,0.0
2026-06-29,BML,0.53326386,-0.01988183999999993,-115038.01480467105,0.0,0.0
2026-06-29,AAI,0.53250216,0.014185049999999921,5408.997306437959,0.0,0.0
2026-06-29,RMD,0.53243686,-0.03578495999999998,-204392.039937024,0.0,0.0
2026-06-29,29M,0.51919066,-0.006090939999999989,-106596.11231002212,0.0,0.0
2026-06-29,BSL,0.51806138,-0.0076653199999999755,-33580.036933929194,0.0,0.0
2026-06-29,NWL,0.5175367,-0.03570055999999999,-87607.99719253671,0.0,0.0
2026-06-29,TM1,0.51734255,0.06563350999999995,676584.9792742254,0.0,0.0
2026-06-29,ARF,0.51533228,-0.026244900000000015,-106721.02889949642,0.0,0.0
2026-06-29,NIC,0.50283753,-0.010109770000000018,-438959.73050998896,0.0,0.0
2026-06-29,ORI,0.50166844,-0.00816534999999996,-37834.9841320375,0.0,0.0
2026-06-29,EQT,0.50043647,-0.01541853999999998,-4130.998761184805,0.0,0.0
2026-06-29,DEV,0.49688062,0.0030076900000000073,21357.01787452912,0.0,0.0
2026-06-29,RDX,0.49649137,-0.0018540000000000223,-9735.009675120004,0.0,0.0
2026-06-29,IRE,0.48404387,0.028067960000000003,52427.99484653049,0.0,0.0
2026-06-29,TTM,0.48189176,0.0,0.0,0.0,0.0
2026-06-29,MYS,0.48167695,-0.0011471700000000307,-1954.9955505265389,0.0,0.0
2026-06-29,CQR,0.47401491,0.01184868,68868.03643566137,0.0,0.0
2026-06-29,MQG,0.469478,0.011052679999999981,42126.009367021965,0.0,0.0
2026-06-29,CMW,0.46497304,-0.06082188000000005,-1592843.9610257428,0.0,0.0
2026-06-29,EL8,0.45439396,-0.0018226600000000315,-8493.014572445769,0.0,0.0
2026-06-29,SGQ,0.45293539,-0.000547579999999992,-19183.020626999438,0.0,0.0
2026-06-29,BVR,0.44953169,-0.013665150000000015,-23992.998247633106,0.0,0.0
2026-06-29,VMM,0.44260433,0.04839906999999999,62756.99194100866,0.0,0.0
2026-06-29,WWI,0.43286295,-0.0005124599999999924,-2227.986531295115,0.0,0.0
2026-06-29,KGL,0.43195754,0.38070366,2936707.9679868217,0.0,0.0
2026-06-29,CNQ,0.43133982,0.0018673999999999635,1652.0007320900331,0.0,0.0
2026-06-29,HCW,0.43022566,-0.002744040000000003,-15097.047287727706,0.0,0.0
2026-06-29,SRG,0.42834908,0.036400549999999976,228083.01506522112,0.0,0.0
2026-06-29,WBT,0.42364419,0.013620899999999991,32681.991682478925,0.0,0.0
2026-06-29,GOZ,0.4227982,0.0070209600000000205,52968.038259983994,0.0,0.0
2026-06-29,MTH,0.42217316,-0.017733959999999993,-33249.0040086169,0.0,0.0
2026-06-29,ACF,0.41540656,-0.01526403000000004,-53524.01494516386,0.0,0.0
2026-06-29,QBE,0.40784138,-0.03797033000000005,-567286.0207803464,0.0,0.0
2026-06-29,RGN,0.40733017,-0.06649985000000003,-763911.9210165171,0.0,0.0
2026-06-29,PRN,0.40612118,0.007786790000000043,68651.99541557534,0.0,0.0
2026-06-29,EIQ,0.40229793,0.017536930000000006,115895.030848803,0.0,0.0
2026-06-29,MND,0.39684806,0.010341390000000006,10351.004183455196,0.0,0.0
2026-06-29,LAU,0.39650316,-0.00037569999999997883,-1376.007107163081,0.0,0.0
2026-06-29,CRN,0.3921362,0.0014946399999999915,25056.948030072264,0.0,0.0
2026-06-29,SXL,0.39045749,0.0028919400000000373,13846.005432396894,0.0,0.0
2026-06-29,OCC,0.38730355,-0.0015595700000000101,-4245.98604656104,0.0,0.0
2026-06-29,WC8,0.37979743,-0.007869490000000035,-108348.02883148845,0.0,0.0
2026-06-29,ORN,0.37880908,-0.00034924999999996764,-31273.17341078818,0.0,0.0
2026-06-29,TER,0.37873675,0.007148660000000029,130285.98341478966,0.0,0.0
2026-06-29,ARR,0.37647024,0.009036990000000023,52492.979368034285,0.0,0.0
2026-06-29,WDIV,0.37519839,0.0,0.0,0.0,0.0
2026-06-29,SRL,0.37361776,0.12300563000000003,189205.99433806736,0.0,0.0
2026-06-29,KTK,0.3729376,-0.041257600000000005,-25786.0,0.0,0.0
2026-06-29,MEI,0.36853976,-0.0017082099999999878,-49651.15298639797,0.0,0.0
2026-06-29,AVH,0.3625755,-0.05008744999999998,-42939.00670158747,0.0,0.0
2026-06-29,MMI,0.36192579,0.04493592000000002,138264.02156501275,0.0,0.0
2026-06-29,FEX,0.36110295,-0.012247780000000041,-93690.98703608988,0.0,0.0
2026-06-29,CXL,0.35855745,0.0,0.0,0.0,0.0
2026-06-29,GDI,0.35689658,0.0,0.0,0.0,0.0
2026-06-29,PYC,0.35554172,-0.004048969999999985,-39822.04294589581,0.0,0.0
2026-06-29,PPM,0.35322341,0.0012320399999999898,5535.001942660892,0.0,0.0
2026-06-29,TTT,0.34792034,0.002105340000000011,33843.97875487432,0.0,0.0
2026-06-29,LKE,0.34406219,0.0,0.0,0.0,0.0
2026-06-29,AFG,0.34403252,-0.01638136000000001,-44517.99425625673,0.0,0.0
2026-06-29,C79,0.34354553,-0.0026308700000000074,-3064.9976723839645,0.0,0.0
2026-06-29,CXO,0.34353229,-0.0198044,-641029.1487452164,0.0,0.0
2026-06-29,FRS,0.34098738,0.0,0.0,0.0,0.0
2026-06-29,3DA,0.34089335,0.08577820999999997,817747.0076031196,0.0,0.0
2026-06-29,C1X,0.33716871,0.010445859999999973,25272.00211201678,0.0,0.0
2026-06-29,PIQ,0.33073016,-0.038831700000000025,-64149.00226730399,0.0,0.0
2026-06-29,COI,0.32901902,0.12149673,1453633.9212538558,0.0,0.0
2026-06-29,ASN,0.32731723,0.014806640000000038,239796.99141010828,0.0,0.0
2026-06-29,PPE,0.32686719,-0.00743081000000001,-8132.995685781236,0.0,0.0
2026-06-29,SPK,0.32572345,-0.0006580999999999948,-12438.946240748279,0.0,0.0
2026-06-29,HQLT,0.32314765,0.0,0.0,0.0,0.0
2026-06-29,VAU,0.32062346,-0.006049399999999983,-62585.02925213007,0.0,0.0
2026-06-29,AEF,0.31781846,-0.004842299999999966,-5511.993915416941,0.0,0.0
2026-06-29,CGF,0.31718819,-0.02004309000000004,-137058.00884231506,0.0,0.0
2026-06-29,WPR,0.31587055,0.00958407,62591.02589596249,0.0,0.0
2026-06-29,GWA,0.30670563,-0.02227106000000001,-59063.98983929795,0.0,0.0
2026-06-29,SCG,0.30444531,-0.006906789999999996,-360740.0594234783,0.0,0.0
2026-06-29,NWH,0.30148219,0.013853229999999994,63651.01308042044,0.0,0.0
2026-06-29,OPT,0.29715423,-0.013229600000000008,-180978.04037520802,0.0,0.0
2026-06-29,SIQ,0.29428966,0.01841165,25435.996794292994,0.0,0.0
2026-06-29,LKY,0.29419131,0.0,0.0,0.0,0.0
2026-06-29,AZY,0.29375342,0.01335575,88543.97723659244,0.0,0.0
2026-06-29,AEL,0.28584054,-0.06142074000000003,-184189.0255183495,0.0,0.0
2026-06-29,ETM,0.28423437,-0.0037902300000000055,-83404.03222367913,0.0,0.0
2026-06-29,FXG,0.27337511,0.0021969399999999806,11202.0066512099,0.0,0.0
2026-06-29,DPM,0.27329714,0.0,0.0,0.0,0.0
2026-06-29,DBI,0.27309393,-0.00812305000000002,-40270.968091243645,0.0,0.0
2026-06-29,EQR,0.27256944,-0.0035212700000000208,-179710.96615457907,0.0,0.0
2026-06-29,APX,0.27021345,-0.12611067999999998,-338636.9984536064,0.0,0.0
2026-06-29,VTM,0.26399365,0.002693670000000037,3543.9958395786816,0.0,0.0
2026-06-29,CMA,0.26045856,-0.00668110999999999,-9180.997965530492,0.0,0.0
2026-06-29,LIN,0.26030244,-0.00019222999999995993,-3555.0947093302384,0.0,0.0
2026-06-29,STN,0.25229708,0.010721990000000015,58678.99003719562,0.0,0.0
2026-06-29,IGL,0.25055951,0.00298836999999999,1283.0006168105756,0.0,0.0
2026-06-29,GHM,0.24811403,-0.038623080000000004,-84066.99747292313,0.0,0.0
2026-06-29,SKC,0.24676085,-0.006452900000000011,-71179.03912786301,0.0,0.0
2026-06-29,MAD,0.24393875,-0.0006197699999999917,-1260.9947516256361,0.0,0.0
2026-06-29,XCLWBP,0.24038912,0.0,0.0,0.0,0.0
2026-06-29,FAL,0.23411447,-0.008219020000000021,-17565.006872198777,0.0,0.0
2026-06-29,HCH,0.23312657,0.0,0.0,0.0,0.0
2026-06-29,AAC,0.22480537,-0.001975890000000008,-11910.007877298398,0.0,0.0
2026-06-29,AGY,0.22280266,-0.03090833000000001,-477057.9989018026,0.0,0.0
2026-06-29,NTU,0.2213507,0.0,0.0,0.0,0.0
2026-06-29,MME,0.2153676,0.0,0.0,0.0,0.0
2026-06-29,CURE,0.21381589,0.0,0.0,0.0,0.0
2026-06-29,KNB,0.20972067,0.0020134099999999933,20686.98264774354,0.0,0.0
2026-06-29,STK,0.20265751,-0.011109149999999984,-292805.9514041804,0.0,0.0
2026-06-29,VEE,0.20260734,-0.004740739999999993,-6957.006178152806,0.0,0.0
2026-06-29,AUC,0.20126794,0.0017090200000000055,9363.03254563827,0.0,0.0
2026-06-29,AQZ,0.20041929,-0.023236549999999995,-37424.98447594396,0.0,0.0
2026-06-29,FPH,0.19483985,-0.002819390000000005,-16557.96759084519,0.0,0.0
2026-06-29,QPM,0.18530927,-0.031869480000000006,-1261367.8940311596,0.0,0.0
2026-06-29,COB,0.18517177,-0.005161669999999979,-30322.995219643693,0.0,0.0
2026-06-29,AEU,0.18348376,-0.004006139999999991,-15293.018845361425,0.0,0.0
2026-06-29,BTL,0.18320347,0.0,0.0,0.0,0.0
2026-06-29,CDA,0.1796302,0.004161639999999994,7568.996067247994,0.0,0.0
2026-06-29,AMI,0.17689759,0.0021323399999999826,36109.084624468815,0.0,0.0
2026-06-29,CHC,0.17686976,-0.014519320000000002,-68675.97691384691,0.0,0.0
2026-06-29,SVM,0.17633025,0.0,0.0,0.0,0.0
2026-06-29,MTM,0.1749519,-0.0019009799999999966,-14033.980458736187,0.0,0.0
2026-06-29,EVO,0.17363634,0.0,0.0,0.0,0.0
2026-06-29,RXL,0.16719499,0.0,0.0,0.0,0.0
2026-06-29,GG8,0.16370982,-0.0013565700000000014,-9938.951683870284,0.0,0.0
2026-06-29,QAL,0.16278271,0.040391540000000004,121750.00435386179,0.0,0.0
2026-06-29,MKR,0.15598849,0.00037629000000000135,5971.036300752312,0.0,0.0
2026-06-29,SXE,0.15219743,-0.009703060000000013,-29454.002203658223,0.0,0.0
2026-06-29,CEL,0.14818088,0.006197729999999985,163141.20656075468,0.0,0.0
2026-06-29,KMD,0.1456475,-0.0010410599999999826,-18732.9900280335,0.0,0.0
2026-06-29,IPG,0.14543453,0.05178394,53845.00347056739,0.0,0.0
2026-06-29,WIA,0.14453559,0.0017434299999999903,29670.986480854917,0.0,0.0
2026-06-29,BBT,0.1416726,-0.003669569999999983,-39506.99714046344,0.0,0.0
2026-06-29,NVA,0.1400746,0.006874839999999993,15294.998010398413,0.0,0.0
2026-06-29,MM8,0.12558764,8.806000000000092e-05,701.9591539325193,0.0,0.0
2026-06-29,CCL,0.12496058,0.0,0.0,0.0,0.0
2026-06-29,BET,0.12246137,-0.001860600000000004,-20843.97200864996,0.0,0.0
2026-06-29,TRE,0.12217375,0.0007511300000000026,5745.983487773337,0.0,0.0
2026-06-29,GBR,0.12191555,-0.014927690000000007,-234666.0405109746,0.0,0.0
2026-06-29,MEZ,0.11841654,0.0006580399999999986,8667.993621813133,0.0,0.0
2026-06-29,CWP,0.11743534,0.010719859999999998,9120.00150834721,0.0,0.0
2026-06-29,OZR,0.11590353,0.11522015000000001,20400.999587955997,0.0,0.0
2026-06-29,LTP,0.11459059,-0.0014919299999999885,-2711.9943238904816,0.0,0.0
2026-06-29,DUR,0.11392807,0.0,0.0,0.0,0.0
2026-06-29,ACE,0.11320864,0.0,0.0,0.0,0.0
2026-06-29,OFX,0.10786493,0.0011200700000000008,2606.9978599832975,0.0,0.0
2026-06-29,FTI,0.1069578,1.6910000000008862e-05,58.01881030504592,0.0,0.0
2026-06-29,SMR,0.10368246,-0.005761870000000002,-51937.014141955995,0.0,0.0
2026-06-29,TLG,0.10320891,0.004000180000000006,20437.991508232895,0.0,0.0
2026-06-29,NVO,0.10196167,-0.024594050000000006,-33761.99393968051,0.0,0.0
2026-06-29,AMA,0.10123028,0.0009560600000000086,4383.969693506544,0.0,0.0
2026-06-29,IMR,0.09991599,0.03341075,118103.980249985,0.0,0.0
2026-06-29,MAH,0.09895768,0.012192520000000012,262747.0768568141,0.0,0.0
2026-06-29,IPD,0.09695245,0.0,0.0,0.0,0.0
2026-06-29,MSTR,0.09673786,0.0,0.0,0.0,0.0
2026-06-29,BKB,0.09567747,-0.0015285200000000054,-2330.0001192635973,0.0,0.0
2026-06-29,EHL,0.09483448,0.054226989999999996,281099.0276409143,0.0,0.0
2026-06-29,HGO,0.09413925,1.8999999999991246e-06,67.07705293316394,0.0,0.0
2026-06-29,CVN,0.09404747,0.00012765999999998778,2283.9483135610353,0.0,0.0
2026-06-29,NGI,0.09319518,-0.0033713799999999933,-18594.01345685718,0.0,0.0
2026-06-29,XCLWAU,0.09272727,0.0,0.0,0.0,0.0
2026-06-29,DUG,0.09259647,-0.007066879999999998,-9575.9878990336,0.0,0.0
2026-06-29,FHE,0.0918179,0.0,0.0,0.0,0.0
2026-06-29,ERD,0.09138221,0.0,0.0,0.0,0.0
2026-06-29,PPS,0.09128496,-0.010301500000000005,-50216.97330358502,0.0,0.0
2026-06-29,WTM,0.09028882,0.0,0.0,0.0,0.0
2026-06-29,SKY,0.09021158,-0.012758530000000004,-126607.06191209226,0.0,0.0
2026-06-29,MGX,0.08814221,0.0,0.0,0.0,0.0
2026-06-29,ENL,0.08676315,0.0,0.0,0.0,0.0
2026-06-29,PEB,0.08567377,0.0,0.0,0.0,0.0
2026-06-29,QUS,0.08521705,0.0028169200000000005,539.9999583424014,0.0,0.0
2026-06-29,SPL,0.08505531,1.828999999999026e-05,76.98781076143496,0.0,0.0
2026-06-29,PPC,0.08497733,0.002534820000000007,11866.986848479253,0.0,0.0
2026-06-29,AAR,0.08428243,0.0,0.0,0.0,0.0
2026-06-29,IXR,0.08369682,-0.0002762499999999918,-626.0056000249751,0.0,0.0
2026-06-29,MEL,0.08301881,0.0,0.0,0.0,0.0
2026-06-29,CQE,0.08288648,0.0018932400000000044,7025.979431026848,0.0,0.0
2026-06-29,CEN,0.08248179,-0.005553559999999999,-29860.983080690377,0.0,0.0
2026-06-29,GSBK54,0.08196721,0.07587705,92570.00099999999,0.0,0.0
2026-06-29,KPG,0.07969748,0.0005278900000000031,239.00197050729912,0.0,0.0
2026-06-29,AQI,0.07962799,0.0022980900000000026,4260.9965183637105,0.0,0.0
2026-06-29,TOR,0.07857555,-0.08160101,-509947.96696184,0.0,0.0
2026-06-29,XCLWAX,0.0781978,0.0,0.0,0.0,0.0
2026-06-29,RAS,0.07762257,0.0,0.0,0.0,0.0
2026-06-29,BIO,0.07633838,-0.016057150000000006,-36609.986155859515,0.0,0.0
2026-06-29,RML,0.07330062,-0.05945953999999999,-1331686.097772853,0.0,0.0
2026-06-29,AIZ,0.07265718,-0.0004197499999999965,-13572.877023885027,0.0,0.0
2026-06-29,EBR,0.07154587,-0.05983830999999999,-300000.00481437996,0.0,0.0
2026-06-29,IVZ,0.07090752,-5.999999999617422e-08,-1.0670024307910353,0.0,0.0
2026-06-29,GSBK39,0.07054464,-0.07088393,-79390.00159999997,0.0,0.0
2026-06-29,SSM,0.0698338,-0.008659529999999999,-53551.002000572975,0.0,0.0
2026-06-29,AVM,0.0695211,-0.009786359999999994,-47499.97626248398,0.0,0.0
2026-06-29,STW,0.06866901,0.03421131,28325.999578944902,0.0,0.0
2026-06-29,PAC,0.06815963,0.0,0.0,0.0,0.0
2026-06-29,VR1,0.06713354,-2.1000000000048757e-07,-4.941624767379835,0.0,0.0
2026-06-29,PPK,0.0660702,0.0,0.0,0.0,0.0
2026-06-29,BRE,0.06365113,-0.00023415999999999715,-656.0079413856147,0.0,0.0
2026-06-29,TVN,0.06364319,0.0,0.0,0.0,0.0
2026-06-29,BNZ,0.06361506,0.03239343,92525.00652749611,0.0,0.0
2026-06-29,CGS,0.06276152,-8.181999999999634e-05,-138.99937680638686,0.0,0.0
2026-06-29,PGL,0.06239421,0.0006497700000000009,1519.9883710803115,0.0,0.0
2026-06-29,SPD,0.06145671,-0.0005546800000000018,-734.0020035348134,0.0,0.0
2026-06-29,CXU,0.05954156,0.02715558,553152.926963274,0.0,0.0
2026-06-29,LRV,0.05784274,0.0,0.0,0.0,0.0
2026-06-29,CAY,0.05687655,0.0,0.0,0.0,0.0
2026-06-29,GSBU32,0.05661846,0.0,0.0,0.0,0.0
2026-06-29,EGH,0.05645643,0.0,0.0,0.0,0.0
2026-06-29,AR1,0.05536744,-7.20000000002663e-07,-17.964187747100368,0.0,0.0
2026-06-29,XCLWBS,0.05497207,0.0065307299999999985,11690.006699999998,0.0,0.0
2026-06-29,GSBW35,0.05433054,0.0,0.0,0.0,0.0
2026-06-29,TGN,0.05153529,0.0,0.0,0.0,0.0
2026-06-29,CRD,0.05111652,0.0,0.0,0.0,0.0
2026-06-29,EOL,0.05065523,-0.00030165000000000053,-94.99952135099738,0.0,0.0
2026-06-29,PSC,0.05060619,0.0004829900000000026,4018.0427900159266,0.0,0.0
2026-06-29,HLO,0.05028526,-3.970999999999836e-05,-64.99739391860203,0.0,0.0
2026-06-29,RFG,0.04917306,0.00048093999999999915,303.9993124069988,0.0,0.0
2026-06-29,CYM,0.04856164,-0.008492079999999999,-49090.993305225566,0.0,0.0
2026-06-29,SLD,0.04814426,0.0,0.0,0.0,0.0
2026-06-29,CLV,0.0450882,0.012832380000000004,21429.990034615803,0.0,0.0
2026-06-29,CBE,0.04480108,0.00716058,69135.96923771576,0.0,0.0
2026-06-29,RPL,0.04445279,0.022643129999999997,83268.00295245959,0.0,0.0
2026-06-29,AKN,0.04433498,0.0,0.0,0.0,0.0
2026-06-29,XCLWBO,0.04418033,0.0,0.0,0.0,0.0
2026-06-29,STM,0.04341467,0.0330086,74999.999982204,0.0,0.0
2026-06-29,RAD,0.04324877,0.0,0.0,0.0,0.0
2026-06-29,BM1,0.04271144,0.0038096600000000064,11364.018058646034,0.0,0.0
2026-06-29,NDQ,0.04268712,-0.00929468,-13390.991960156804,0.0,0.0
2026-06-29,POD,0.04224401,-0.01390848,-137643.02596139518,0.0,0.0
2026-06-29,FDR,0.04174953,-0.00726098,-40244.01773707062,0.0,0.0
2026-06-29,GCM,0.04156878,0.0,0.0,0.0,0.0
2026-06-29,WCE,0.04057155,0.013521359999999996,49004.972329641576,0.0,0.0
2026-06-29,OMA,0.03886993,0.0,0.0,0.0,0.0
2026-06-29,AII,0.03784145,-0.16958655,-7995.000184258499,0.0,0.0
2026-06-29,RTR,0.0370244,-0.050972,-676367.0060773201,0.0,0.0
2026-06-29,IOO,0.03663687,0.0,0.0,0.0,0.0
2026-06-29,IMB,0.03497276,0.0016388300000000008,6748.990718234301,0.0,0.0
2026-06-29,TDO,0.03453257,0.0,0.0,0.0,0.0
2026-06-29,GSBW34,0.03424658,0.006589049999999999,19240.025999999998,0.0,0.0
2026-06-29,BUX,0.03335484,-0.0035117600000000027,-13216.00731941362,0.0,0.0
2026-06-29,GDX,0.03322787,0.0,0.0,0.0,0.0
2026-06-29,IVV,0.03301915,-0.0007656899999999994,-1499.998026898189,0.0,0.0
2026-06-29,KYP,0.03257647,0.0,0.0,0.0,0.0
2026-06-29,COG,0.03182352,-0.02664425,-56825.00515751001,0.0,0.0
2026-06-29,AW1,0.03102863,0.0,0.0,0.0,0.0
2026-06-29,DRE,0.03090137,0.0,0.0,0.0,0.0
2026-06-29,BKY,0.02897132,-9.926000000000032e-05,-442.9905737418012,0.0,0.0
2026-06-29,ANG,0.02888394,0.0,0.0,0.0,0.0
2026-06-29,EUR,0.02727463,-0.013921160000000002,-240229.11878831364,0.0,0.0
2026-06-29,AEE,0.02691887,0.0025313799999999997,25249.03803474919,0.0,0.0
2026-06-29,AT4,0.02676849,0.0,0.0,0.0,0.0
2026-06-29,PGC,0.02673779,-0.007915999999999996,-131033.97459324001,0.0,0.0
2026-06-29,BCB,0.02613274,0.0,0.0,0.0,0.0
2026-06-29,KOA,0.02609901,0.0,0.0,0.0,0.0
2026-06-29,GNP,0.02596048,0.004514460000000001,9171.001568073007,0.0,0.0
2026-06-29,BGD,0.02578646,0.0,0.0,0.0,0.0
2026-06-29,XCLWBJ,0.02541538,0.0,0.0,0.0,0.0
2026-06-29,GHY,0.02500578,4.765999999999798e-05,86.0045122310039,0.0,0.0
2026-06-29,FND,0.02481366,0.0,0.0,0.0,0.0
2026-06-29,PWR,0.02468534,-0.00025775999999999924,-444.0072408768028,0.0,0.0
2026-06-29,BCI,0.02334466,0.0016156499999999997,47461.00818410842,0.0,0.0
2026-06-29,EGR,0.02304598,0.0,0.0,0.0,0.0
2026-06-29,MAT,0.02293945,0.0,0.0,0.0,0.0
2026-06-29,IVR,0.0228069,0.0,0.0,0.0,0.0
2026-06-29,SPZ,0.02215966,0.007262210000000002,30292.985114117,0.0,0.0
2026-06-29,BXNDA,0.02202067,0.0,0.0,0.0,0.0
2026-06-29,WLE,0.02121712,-0.004648530000000001,-64155.99713908922,0.0,0.0
2026-06-29,MVP,0.02076633,0.0,0.0,0.0,0.0
2026-06-29,LNQ,0.02000009,0.0,0.0,0.0,0.0
2026-06-29,88E,0.01977575,0.0,0.0,0.0,0.0
2026-06-29,JMS,0.01874298,-0.005708319999999999,-112217.04017284309,0.0,0.0
2026-06-29,GSBU33,0.01717123,0.0,0.0,0.0,0.0
2026-06-29,CRS,0.01705833,0.0,0.0,0.0,0.0
2026-06-29,FDV,0.01631328,-0.002908130000000002,-12675.00434061201,0.0,0.0
2026-06-29,RDY,0.01628062,0.0010367099999999997,1281.001453679699,0.0,0.0
2026-06-29,AI1,0.01608781,-5.099999999987059e-07,-6.002808420889778,0.0,0.0
2026-06-29,ATX,0.01557279,0.0,0.0,0.0,0.0
2026-06-29,SYL,0.01556299,0.0,0.0,0.0,0.0
2026-06-29,A1M,0.0152268,-0.002314769999999999,-18463.064330561698,0.0,0.0
2026-06-29,PC2,0.01485195,0.0,0.0,0.0,0.0
2026-06-29,ARD,0.01472023,0.007550150000000001,128465.935585649,0.0,0.0
2026-06-29,GSBU28,0.01436142,-0.0078115300000000006,-35230.0003,0.0,0.0
2026-06-29,GNG,0.01411958,0.00045921999999999977,781.998234345203,0.0,0.0
2026-06-29,SKK,0.01382142,0.0,0.0,0.0,0.0
2026-06-29,MTO,0.01340455,0.0,0.0,0.0,0.0
2026-06-29,HPG,0.01304703,0.0,0.0,0.0,0.0
2026-06-29,XCLWBR,0.01264957,-0.011239319999999999,-26300.008799999996,0.0,0.0
2026-06-29,PBH,0.0126403,0.0,0.0,0.0,0.0
2026-06-29,HAS,0.01252539,-0.002183879999999999,-4972.989605638799,0.0,0.0
2026-06-29,MMA,0.01250933,0.0007474500000000002,2349.007684204502,0.0,0.0
2026-06-29,SRV,0.01237066,-1.1259999999999049e-05,-10.002090388799843,0.0,0.0
2026-06-29,LYL,0.01170854,0.0005208799999999996,206.9988891887997,0.0,0.0
2026-06-29,GRR,0.01144868,-0.0015016300000000003,-17378.945090777415,0.0,0.0
2026-06-29,WRK,0.01120516,-0.0008719899999999996,-17301.96386054778,0.0,0.0
2026-06-29,RAC,0.01084108,-0.00116694,-2288.0068884360007,0.0,0.0
2026-06-29,NOL,0.01048172,0.0,0.0,0.0,0.0
2026-06-29,GBM,0.0102588,0.0,0.0,0.0,0.0
2026-06-29,DXN,0.01004825,0.01004798,37052.0134664664,0.0,0.0
2026-06-29,GML,0.00994823,0.0,0.0,0.0,0.0
2026-06-29,CUF,0.00973549,0.0,0.0,0.0,0.0
2026-06-29,SNM,0.00972083,0.0,0.0,0.0,0.0
2026-06-29,SLS,0.00934013,0.0,0.0,0.0,0.0
2026-06-29,MM1,0.00933061,0.0,0.0,0.0,0.0
2026-06-29,MFF,0.00907096,0.0002972699999999988,1763.0479052819865,0.0,0.0
2026-06-29,BSX,0.00889136,0.0,0.0,0.0,0.0
2026-06-29,ADN,0.0086216,0.0,0.0,0.0,0.0
2026-06-29,IAF,0.00852077,-0.012274029999999998,-4404.999746574299,0.0,0.0
2026-06-29,GSBW30,0.00731545,-0.0029184600000000003,-13600.0236,0.0,0.0
2026-06-29,SVR,0.00709497,0.0009323999999999999,1760.9877867959985,0.0,0.0
2026-06-29,AFI,0.0068801,0.0010808099999999998,13355.03595238649,0.0,0.0
2026-06-29,TOE,0.00643655,0.0,0.0,0.0,0.0
2026-06-29,CVL,0.00641158,-0.0022618599999999992,-11527.004024999991,0.0,0.0
2026-06-29,VAF,0.00632331,0.00624143,4954.992947053501,0.0,0.0
2026-06-29,AVL,0.00570455,0.00401113,15066.999436294802,0.0,0.0
2026-06-29,BM8,0.00546511,-0.00106016,-2348.016489494401,0.0,0.0
2026-06-29,BMC,0.00531031,0.0,0.0,0.0,0.0
2026-06-29,VGS,0.00509039,-0.0003934099999999994,-412.00529079949956,0.0,0.0
2026-06-29,FPR,0.00498128,0.00010574999999999994,228.0047409000017,0.0,0.0
2026-06-29,SGI,0.00477477,0.0008317900000000007,1244.0009105931022,0.0,0.0
2026-06-29,CHW,0.00477317,0.0,0.0,0.0,0.0
2026-06-29,TSO,0.00474683,0.0,0.0,0.0,0.0
2026-06-29,SDV,0.00456103,-0.01083127,-20589.007447278695,0.0,0.0
2026-06-29,ENN,0.00438215,-0.00510759,-6738.008371407901,0.0,0.0
2026-06-29,ATH,0.0040665,-0.00076779,-1670.0112915498012,0.0,0.0
2026-06-29,GSBK51,0.00397573,0.0,0.0,0.0,0.0
2026-06-29,AIH,0.00390014,0.00291279,12301.981942544697,0.0,0.0
2026-06-29,CPN,0.00386536,0.0,0.0,0.0,0.0
2026-06-29,TGM,0.00383673,0.0016957600000000001,19615.978496162403,0.0,0.0
2026-06-29,VBND,0.00378528,0.0,0.0,0.0,0.0
2026-06-29,PLY,0.00348321,0.0,0.0,0.0,0.0
2026-06-29,AGR,0.00347947,0.0,0.0,0.0,0.0
2026-06-29,6KA,0.0032879,0.0,0.0,0.0,0.0
2026-06-29,STP,0.00318765,-0.0021241999999999997,-3936.998461422,0.0,0.0
2026-06-29,FFG,0.0031517,0.0,0.0,0.0,0.0
2026-06-29,GRL,0.00309542,0.0,0.0,0.0,0.0
2026-06-29,VHM,0.00306246,0.0,0.0,0.0,0.0
2026-06-29,LMS,0.0030149,0.0,0.0,0.0,0.0
2026-06-29,OD6,0.00286091,0.0,0.0,0.0,0.0
2026-06-29,WGN,0.00281338,0.0008651899999999998,1727.990587473199,0.0,0.0
2026-06-29,14D,0.00271097,-0.0006556299999999999,-3980.984966622,0.0,0.0
2026-06-29,BOC,0.00266517,-3.216999999999977e-05,-129.02180624999892,0.0,0.0
2026-06-29,GSBI30,0.0025186,0.0,0.0,0.0,0.0
2026-06-29,PLA,0.002505,-0.0027440999999999998,-23618.980803942,0.0,0.0
2026-06-29,DCC,0.00235134,0.0,0.0,0.0,0.0
2026-06-29,AGD,0.00209937,0.0004702800000000002,3141.957981601201,0.0,0.0
2026-06-29,PCL,0.00186716,0.0,0.0,0.0,0.0
2026-06-29,CNB,0.00179415,0.0,0.0,0.0,0.0
2026-06-29,GL1,0.00173843,0.0,0.0,0.0,0.0
2026-06-29,RCM,0.00172964,7.525000000000001e-05,900.0102332200004,0.0,0.0
2026-06-29,NMG,0.00170005,0.00105791,114933.8982576645,0.0,0.0
2026-06-29,AGI,0.00165442,0.0,0.0,0.0,0.0
2026-06-29,STG,0.0016413,0.0,0.0,0.0,0.0
2026-06-29,ATG,0.00154517,0.0,0.0,0.0,0.0
2026-06-29,DACE,0.00142349,-0.00024791000000000006,-886.9805468017003,0.0,0.0
2026-06-29,WCN,0.00141822,-1.7120000000000026e-05,0.21045152539591072,0.0,0.0
2026-06-29,MEU,0.00140688,0.0,0.0,0.0,0.0
2026-06-29,GLN,0.00133578,-0.00041392000000000013,-5217.016481404404,0.0,0.0
2026-06-29,MCE,0.00132719,0.0,0.0,0.0,0.0
2026-06-29,VAS,0.00127759,0.0,0.0,0.0,0.0
2026-06-29,AHE,0.00120076,0.0,0.0,0.0,0.0
2026-06-29,M7T,0.00119314,0.0,0.0,0.0,0.0
2026-06-29,EDE,0.00116178,0.00042708000000000004,2610.0148667016,0.0,0.0
2026-06-29,BOL,0.00113881,-0.00242639,-896.9997687749001,0.0,0.0
2026-06-29,ADX,0.00108186,0.0,0.0,0.0,0.0
2026-06-29,LAC,0.00099997,0.0,0.0,0.0,0.0
2026-06-29,ION,0.00090445,0.0,0.0,0.0,0.0
2026-06-29,AL3,0.00088279,0.0,0.0,0.0,0.0
2026-06-29,1AI,0.00083053,0.0,0.0,0.0,0.0
2026-06-29,VBC,0.00079567,0.0,0.0,0.0,0.0
2026-06-29,EMD,0.00078965,0.0,0.0,0.0,0.0
2026-06-29,CVC,0.00075705,0.0,0.0,0.0,0.0
2026-06-29,MLG,0.00073902,0.0,0.0,0.0,0.0
2026-06-29,VYS,0.000674,0.0,0.0,0.0,0.0
2026-06-29,SK1,0.00065104,0.00023642,264.0040387095999,0.0,0.0
2026-06-29,CTP,0.00062995,0.0,0.0,0.0,0.0
2026-06-29,OSM,0.00061727,0.0,0.0,0.0,0.0
2026-06-29,G50,0.00059054,0.0,0.0,0.0,0.0
2026-06-29,BDM,0.00057494,0.0,0.0,0.0,0.0
2026-06-29,CCV,0.00057201,9.190999999999995e-05,653.9607286393993,0.0,0.0
2026-06-29,AS1,0.0005602,-1.2380000000000095e-05,-0.08478568799910136,0.0,0.0
2026-06-29,NZM,0.000533,0.0,0.0,0.0,0.0
2026-06-29,MHJ,0.00052749,0.0,0.0,0.0,0.0
2026-06-29,AQD,0.00051221,0.0,0.0,0.0,0.0
2026-06-29,DGL,0.00050451,0.0,0.0,0.0,0.0
2026-06-29,ADO,0.00048948,0.0,0.0,0.0,0.0
2026-06-29,EGL,0.00046019,0.0,0.0,0.0,0.0
2026-06-29,SHG,0.00044043,-3.5300000000000153e-06,-0.013993838899978073,0.0,0.0
2026-06-29,ATR,0.00044029,-7.768e-05,-333.98235963599996,0.0,0.0
2026-06-29,VGL,0.00042334,0.0,0.0,0.0,0.0
2026-06-29,LED,0.00028427,0.0,0.0,0.0,0.0
2026-06-29,CY5,0.00028099,5.2300000000000024e-06,64.06558268200024,0.0,0.0
2026-06-29,ARX,0.00026626,0.0,0.0,0.0,0.0
2026-06-29,AAA,0.00020411,0.0,0.0,0.0,0.0
2026-06-29,IR1,0.00019831,0.0,0.0,0.0,0.0
2026-06-29,MTC,0.00019131,0.0,0.0,0.0,0.0
2026-06-29,IRI,0.00018605,0.0,0.0,0.0,0.0
2026-06-29,E25,0.00018569,0.0,0.0,0.0,0.0
2026-06-29,CAA,0.00016989,0.0,0.0,0.0,0.0
2026-06-29,MXI,0.00012418,0.0,0.0,0.0,0.0
2026-06-29,MRE,0.00011954,0.0,0.0,0.0,0.0
2026-06-29,RHI,0.00011521,0.0,0.0,0.0,0.0
2026-06-29,CVV,0.00010237,0.0,0.0,0.0,0.0
2026-06-29,WMG,9.666e-05,0.0,0.0,0.0,0.0
2026-06-29,TNC,9.203e-05,-0.00039065,-607.0028613220001,0.0,0.0
2026-06-29,MRZ,8.636e-05,-2.807999999999999e-05,-52.999408144799986,0.0,0.0
2026-06-29,TWR,8.008e-05,0.0,0.0,0.0,0.0
2026-06-29,ART,6.685e-05,0.0,0.0,0.0,0.0
2026-06-29,TKM,6.453e-05,0.0,0.0,0.0,0.0
2026-06-29,ALC,6.341e-05,0.0,0.0,0.0,0.0
2026-06-29,AAU,6.099e-05,0.0,0.0,0.0,0.0
2026-06-29,DUB,5.556e-05,0.0,0.0,0.0,0.0
2026-06-29,ASG,5.492e-05,2.112e-05,44.9931389952,0.0,0.0
2026-06-29,NMT,5.403e-05,-3.999999999999962e-08,-0.01224674840005946,0.0,0.0
2026-06-29,MEX,5.314e-05,0.0,0.0,0.0,0.0
2026-06-29,LFG,4.941e-05,0.0,0.0,0.0,0.0
2026-06-29,BPM,4.838e-05,0.0,0.0,0.0,0.0
2026-06-29,ZEO,4.525e-05,0.0,0.0,0.0,0.0
2026-06-29,GRE,3.975e-05,0.0,0.0,0.0,0.0
2026-06-29,BAS,2.97e-05,0.0,0.0,0.0,0.0
2026-06-29,SKT,2.179e-05,0.0,0.0,0.0,0.0
2026-06-29,BRK,1.868e-05,0.0,0.0,0.0,0.0
2026-06-29,FID,1.584e-05,0.0,0.0,0.0,0.0
2026-06-29,GRX,1.282e-05,0.0,0.0,0.0,0.0
2026-06-29,BNL,1.249e-05,0.0,0.0,0.0,0.0
2026-06-29,PTR,7.09e-06,0.0,0.0,0.0,0.0
2026-06-29,EMP,6.35e-06,0.0,0.0,0.0,0.0
2026-06-29,WAM,6.06e-06,0.0,0.0,0.0,0.0
2026-06-29,ZIM,4.65e-06,-0.017768870000000003,-19125.993921866302,0.0,0.0
2026-06-29,CUP,3.77e-06,0.0,0.0,0.0,0.0
2026-06-29,MCY,3.37e-06,0.0,0.0,0.0,0.0
2026-06-29,OPH,2.25e-06,0.0,0.0,0.0,0.0
2026-06-29,NGX,2.21e-06,0.0,0.0,0.0,0.0
2026-06-29,HCL,2.12e-06,0.0,0.0,0.0,0.0
2026-06-29,IME,1.84e-06,0.0,0.0,0.0,0.0
2026-06-29,JNS,1.58e-06,0.0,0.0,0.0,0.0
2026-06-29,PAR,8.5e-07,0.0,0.0,0.0,0.0
2026-06-29,EFE,7.7e-07,0.0,0.0,0.0,0.0
2026-06-29,OEC,5.6e-07,0.0,0.0,0.0,0.0
2026-06-29,ENP,3.7e-07,0.0,0.0,0.0,0.0
2026-06-29,CTM,3.5e-07,0.0,0.0,0.0,0.0
2026-06-29,WGR,3.4e-07,0.0,0.0,0.0,0.0
2026-06-29,PET,3.2e-07,0.0,0.0,0.0,0.0
2026-06-29,LSA,2.7e-07,0.0,0.0,0.0,0.0
2026-06-29,LIS,1.6e-07,0.0,0.0,0.0,0.0
2026-06-29,GA8,1.5e-07,0.0,0.0,0.0,0.0
2026-06-29,ODE,5e-08,0.0,0.0,0.0,0.0
2026-06-29,GPR,3e-08,0.0,0.0,0.0,0.0
